3,2
3,1
3,3
10,10
10,118
10,228
10,90
10,30
10,183
10,83
10,74
10,2
9,7
9,4
9,1
9,6
8,4
8,15
8,2
8,3
27,6
27,5
27,4
27,3
27,2
27,1
27,0
20,3
20,2
20,1
19,3
19,2
19,1
12,3
12,2
12,1
11,27
11,26
11,25
11,24
11,23
11,22
11,21
11,20
11,19
11,18
11,17
11,16
11,15
11,14
11,13
11,12
11,11
11,10
11,9
11,8
11,7
11,6
11,5
11,4
11,3
11,2
11,1
10,302
10,301
10,300
10,299
10,297
10,296
10,295
10,294
10,293
10,291
10,289
10,288
10,284
10,282
10,281
10,280
10,276
10,274
10,273
10,270
18,1
10,268
18,3
10,267
10,263
10,262
10,261
10,260
10,255
10,254
14,1
10,250
14,3
13,1
10,246
10,245
13,3
10,244
10,243
10,242
10,240
10,238
10,237
10,235
10,234
10,233
10,232
10,227
10,226
10,219
